6.711721704445167802e+00 5.852978354386893400e+00 1.058426038272548109e+00
8.528871307689078307e+00 5.964077565505425227e+00 2.472362884161320551e+00
1.012352749557226161e+01 6.387961812434606479e+00 1.067869737881031122e+00
1.205253857666401274e+01 5.904316612978249168e+00 2.462744803728201592e+00
1.515668172216202692e+01 3.882771470967294469e+00 1.033678481857110976e+00
1.482744767715374934e+01 5.996799522080691780e+00 2.585019970192373062e+00
1.644880952449343781e+01 6.260742564280616484e+00 1.155257441915949368e+00
1.742110820905569124e+00 6.085534805992429241e+00 2.495321106503880060e+00
2.967532714061606125e+00 6.669525231795820908e+00 1.019023134142887255e+00
4.110249132674211658e+00 5.889855410982293371e+00 2.505968528465345457e+00
6.634915686299951432e+00 7.299085663597052687e+00 2.443013843049200773e+00
6.443975668282069691e+00 9.290046432649626595e+00 1.056646341426233482e+00
8.049538985320777940e+00 7.701655850623575716e+00 1.038523842313670453e+00
9.628255897443034783e+00 7.737097713816737610e+00 2.567531637963621272e+00
8.019298889926751883e+00 9.144663877104619587e+00 2.442395007116810568e+00
9.527031260342766927e+00 9.763349819156678322e+00 1.115153633631923658e+00
1.174267615921587016e+01 7.797897377624051884e+00 1.192938094801806681e+00
1.122986168336688628e+01 9.379099535035130941e+00 2.566156319845949607e+00
1.351572538689371328e+01 8.128678218910616593e+00 2.588255751131300908e+00
1.494689602285987640e+01 7.959749478883245466e+00 1.053962118810181092e+00
1.359705463096434563e+01 9.572231329719329551e+00 1.026794075391499916e+00
1.494218307277907343e+01 9.586574793111214632e+00 2.540862326886061062e+00
1.628958949078394269e+01 7.735742220630392296e+00 2.538194821889074415e+00
2.462046090891156780e-01 9.677524934885537888e+00 1.141861026694852566e+00
1.244517244492263419e+00 7.701864057006345909e+00 1.343418479607346505e+00
3.383781445406628841e+00 8.014002584461483281e+00 2.563639902005829807e+00
1.663942458120357903e+00 9.624788888585374735e+00 2.592442217036070140e+00
3.084044631191793950e+00 9.455806650245685674e+00 1.061583514072384382e+00
4.796284656193871676e+00 7.824883052093284164e+00 1.138386325695528667e+00
4.704769730205802247e+00 9.507547992577654483e+00 2.254106144323047012e+00
6.219074036253896764e+00 1.081574764800985911e+01 2.401894320573028541e+00
7.813697263567494389e+00 1.082327688211261574e+01 1.049101255740048311e+00
1.062996368830810745e+01 1.148976806267441120e+01 2.516806480108841448e+00
1.208014900662720947e+01 1.126404840168978261e+01 1.108642773227890954e+00
1.356015489593601941e+01 1.130966761386823549e+01 2.552639994977628835e+00
1.511553852444441581e+01 1.124311520290922317e+01 1.000483667925362807e+00
8.899226014767336324e-02 1.106260754660048562e+01 2.580385439137141024e+00
1.656303779178371682e+00 1.124762714770277050e+01 1.065658492162905313e+00
3.158898987998906005e+00 1.122737700326671018e+01 2.514036698803599812e+00
4.733398712870982905e+00 1.125209391666633607e+01 1.029543495604812842e+00
6.481174579547071879e+00 1.255669870174063085e+01 1.014535451015203815e+00
6.667087220030761152e+00 1.429472250130069355e+01 2.512944907155808760e+00
8.712125135784855701e+00 1.206697633427090466e+01 2.520165626288137783e+00
1.027754609571428901e+01 1.281888632895655000e+01 1.004086057942823684e+00
8.201459512392350604e+00 1.447440221032695717e+01 1.001618719034243821e+00
9.631977266995948028e+00 1.437676359922948954e+01 2.434236223651503828e+00
1.215013452803858485e+01 1.279768723210268710e+01 2.525084273264937895e+00
1.142214381310115456e+01 1.455914409282768318e+01 1.168149639770696968e+00
1.346490490549756736e+01 1.308532387369170813e+01 1.030746994538568773e+00
1.644304273151480089e+01 1.273458603863760707e+01 1.212368136654530915e+00
1.324323210071858803e+01 1.456238935257945855e+01 2.540411987965618401e+00
1.496120617438357492e+01 1.311287335490350969e+01 2.577021520002610977e+00
1.488580011245150025e+01 1.458723247117113253e+01 1.051776720385621422e+00
1.610501136662634281e-01 1.449716675437763591e+01 2.491489260456998700e+00
1.477359163872091319e+00 1.277018917620574001e+01 2.502841342734241969e+00
3.362740305885733250e+00 1.274489949988807069e+01 1.211199442249569325e+00
1.906206678216990635e+00 1.451854352241018908e+01 1.009044675682492898e+00
3.448524408043820877e+00 1.462050880990905277e+01 2.493162237202878995e+00
4.883123781246632156e+00 1.319330447026934827e+01 2.581118466595195393e+00
5.284630858668006859e+00 1.442634708011857825e+01 1.019442146090453027e+00
6.671376201243625736e+00 1.648305483128616444e+01 1.074340935868116631e+00
8.094590770704003901e+00 1.645501929066698210e+01 2.569442747988282871e+00
1.003659068755634109e+01 1.616065494155161986e+01 1.060759376922518982e+00
1.143957387272442716e+01 1.613101883968237971e+01 2.541366666740458857e+00
1.287140259801769204e+01 1.617186111345074551e+01 1.090463535665726402e+00
1.506561350344243877e+01 1.611904973208416791e+01 2.501792136856954230e+00
1.861965530501059618e-01 1.607557238685562240e+01 1.111302970678657243e+00
1.744945925016673449e+00 1.582667803019120711e+01 2.589553612388526549e+00
3.174123357793438238e+00 1.624411830943651580e+01 1.135667325759877944e+00
4.662091170798632334e+00 1.653295280142044277e+01 2.529407933544390641e+00
6.610876298358499881e+00 1.219011120480242516e+00 2.580454277038949140e+00
6.681223477353748663e+00 2.569706165701046707e+00 1.077474193003683522e+00
8.185622756346681683e+00 1.222532083716187934e+00 1.167221744662260363e+00
1.005043250714889425e+01 9.626307054230767157e-01 2.571786418989493672e+00
7.876928917744389302e+00 3.090424593812893139e+00 2.593772393000655541e+00
9.796029438810508694e+00 2.423547664739301055e+00 1.118682578110361314e+00
1.148401526024539621e+01 1.130931544431449387e+00 1.137051953808834615e+00
1.154461095405322624e+01 4.382112696925878126e+00 1.002796277324013108e+00
1.350792792891217431e+01 9.847100177856229486e-01 2.562746596789955866e+00
1.493561790124218014e+01 9.417822523200620743e-01 1.100026436923189799e+00
1.342222165911336695e+01 2.350744970195325578e+00 1.020694870570087787e+00
1.531197112248078618e+01 2.339927308648004356e+00 2.513030353240426784e+00
1.661799848331135721e+01 8.192128749626044204e-01 2.565671223886206054e+00
1.663454646239047818e+01 2.513039693559866006e+00 1.018060254117070018e+00
1.450326830562111979e+00 9.692070710844564729e-01 1.097133901326048377e+00
3.156869830511327635e+00 1.428810949939499642e+00 2.469377142182688445e+00
1.477151187505105767e+00 2.757718598827943790e+00 2.512917833576566284e+00
2.950249331941701580e+00 2.845168783735343432e+00 1.055844495134794947e+00
4.951407389437897599e+00 1.540336234079308309e+00 1.378386428844952327e+00
4.645633886268122126e+00 3.215529583225966270e+00 2.570678876989063610e+00
6.470043825053079622e+00 4.534025284621197471e+00 2.595695134401279081e+00
8.424046048095149786e+00 4.472619135712767147e+00 1.123677317624598659e+00
1.032266713732426311e+01 4.837181780478550408e+00 2.536109205531495103e+00
1.357313870103206455e+01 6.477501529383999923e+00 1.038115930930436415e+00
1.194134379744937213e+01 2.866091333040334366e+00 2.318724455683266683e+00
1.388445066717675935e+01 4.112137392146665960e+00 2.561036113705013939e+00
1.637325683538820087e+01 4.510349595615522844e+00 2.591976752856744781e+00
1.119092955194787686e+00 4.604510608229244184e+00 1.030634108413371219e+00
2.783745875470049480e+00 4.369100868576746066e+00 2.559001393262897661e+00
5.037214420228061762e+00 4.594047254807415825e+00 1.114874430255585969e+00
