8.328129877731791364e-01 8.328129877731791364e-01 1.121251566662017307e+00
2.498438963319537187e+00 8.328129877731791364e-01 2.360469204601446158e+00
4.164064938865895904e+00 8.328129877731791364e-01 1.164232834181087251e+00
5.829690914412253733e+00 8.328129877731791364e-01 2.472452686550984602e+00
7.495316889958612450e+00 8.328129877731791364e-01 1.087754996560341025e+00
9.160942865504971167e+00 8.328129877731791364e-01 2.412897893564430518e+00
1.082656884105132811e+01 8.328129877731791364e-01 1.229291589693927600e+00
1.249219481659768682e+01 8.328129877731791364e-01 2.370117918516529532e+00
1.415782079214404554e+01 8.328129877731791364e-01 1.158620480089635585e+00
1.582344676769040426e+01 8.328129877731791364e-01 2.585131522645971458e+00
8.328129877731791364e-01 2.498438963319537187e+00 2.585135887296294399e+00
8.328129877731791364e-01 4.164064938865895904e+00 1.031571330843732204e+00
2.498438963319537187e+00 2.498438963319537187e+00 1.015410072155064292e+00
4.164064938865895904e+00 2.498438963319537187e+00 2.389773088494925091e+00
2.498438963319537187e+00 4.164064938865895904e+00 2.478800319695206422e+00
4.164064938865895904e+00 4.164064938865895904e+00 1.120823405460138478e+00
5.829690914412253733e+00 2.498438963319537187e+00 1.202937605619001982e+00
5.829690914412253733e+00 4.164064938865895904e+00 2.512542605690850639e+00
7.495316889958612450e+00 2.498438963319537187e+00 2.553053955667420105e+00
9.160942865504971167e+00 2.498438963319537187e+00 1.047798803912270538e+00
7.495316889958612450e+00 4.164064938865895904e+00 1.145595237032750457e+00
9.160942865504971167e+00 4.164064938865895904e+00 2.446471964421836010e+00
1.082656884105132811e+01 2.498438963319537187e+00 2.592861570728467235e+00
1.082656884105132811e+01 4.164064938865895904e+00 1.089331488350792521e+00
1.249219481659768682e+01 2.498438963319537187e+00 1.191525554898092532e+00
1.415782079214404554e+01 2.498438963319537187e+00 2.571830359954897727e+00
1.249219481659768682e+01 4.164064938865895904e+00 2.576743043691114288e+00
1.415782079214404554e+01 4.164064938865895904e+00 1.111517799190485434e+00
1.582344676769040426e+01 2.498438963319537187e+00 1.078641214693961681e+00
1.582344676769040426e+01 4.164064938865895904e+00 2.481252840539353244e+00
8.328129877731791364e-01 5.829690914412253733e+00 2.539422056746731382e+00
2.498438963319537187e+00 5.829690914412253733e+00 1.227895099020041680e+00
4.164064938865895904e+00 5.829690914412253733e+00 2.489480597941741369e+00
5.829690914412253733e+00 5.829690914412253733e+00 1.047618645794812009e+00
7.495316889958612450e+00 5.829690914412253733e+00 2.438628487820980073e+00
9.160942865504971167e+00 5.829690914412253733e+00 1.154470809667223818e+00
1.082656884105132811e+01 5.829690914412253733e+00 2.556781786172540372e+00
1.249219481659768682e+01 5.829690914412253733e+00 1.119335302062189230e+00
1.415782079214404554e+01 5.829690914412253733e+00 2.438024348944606956e+00
1.582344676769040426e+01 5.829690914412253733e+00 1.027907008919717979e+00
8.328129877731791364e-01 7.495316889958612450e+00 1.165020402381876652e+00
8.328129877731791364e-01 9.160942865504971167e+00 2.435646162861366815e+00
2.498438963319537187e+00 7.495316889958612450e+00 2.377557405007124203e+00
4.164064938865895904e+00 7.495316889958612450e+00 1.243215228685777829e+00
2.498438963319537187e+00 9.160942865504971167e+00 1.062915154431014475e+00
4.164064938865895904e+00 9.160942865504971167e+00 2.422202593977832663e+00
5.829690914412253733e+00 7.495316889958612450e+00 2.503899824471658597e+00
5.829690914412253733e+00 9.160942865504971167e+00 1.053899470840291119e+00
7.495316889958612450e+00 7.495316889958612450e+00 1.110969287580449105e+00
9.160942865504971167e+00 7.495316889958612450e+00 2.513052455196372659e+00
7.495316889958612450e+00 9.160942865504971167e+00 2.420777126706478377e+00
9.160942865504971167e+00 9.160942865504971167e+00 1.077423284670826042e+00
1.082656884105132811e+01 7.495316889958612450e+00 1.162669337790213975e+00
1.082656884105132811e+01 9.160942865504971167e+00 2.390239843192163427e+00
1.249219481659768682e+01 7.495316889958612450e+00 2.455065932764260772e+00
1.415782079214404554e+01 7.495316889958612450e+00 1.115671014844942910e+00
1.249219481659768682e+01 9.160942865504971167e+00 1.161782958084278894e+00
1.415782079214404554e+01 9.160942865504971167e+00 2.494895035655784188e+00
1.582344676769040426e+01 7.495316889958612450e+00 2.353723334674562295e+00
1.582344676769040426e+01 9.160942865504971167e+00 1.042262981482692696e+00
8.328129877731791364e-01 1.082656884105132811e+01 1.111126179347529774e+00
2.498438963319537187e+00 1.082656884105132811e+01 2.528555121671148598e+00
4.164064938865895904e+00 1.082656884105132811e+01 1.215466019121692609e+00
5.829690914412253733e+00 1.082656884105132811e+01 2.582638164291725325e+00
7.495316889958612450e+00 1.082656884105132811e+01 1.149713597975662749e+00
9.160942865504971167e+00 1.082656884105132811e+01 2.498069839229083655e+00
1.082656884105132811e+01 1.082656884105132811e+01 1.152915794085775714e+00
1.249219481659768682e+01 1.082656884105132811e+01 2.493847852872842275e+00
1.415782079214404554e+01 1.082656884105132811e+01 1.177916373121012272e+00
1.582344676769040426e+01 1.082656884105132811e+01 2.399070870842688219e+00
8.328129877731791364e-01 1.249219481659768682e+01 2.550587938353791273e+00
8.328129877731791364e-01 1.415782079214404554e+01 1.143904886839205437e+00
2.498438963319537187e+00 1.249219481659768682e+01 1.168789385938117764e+00
4.164064938865895904e+00 1.249219481659768682e+01 2.361930402338191737e+00
2.498438963319537187e+00 1.415782079214404554e+01 2.477871004021469759e+00
4.164064938865895904e+00 1.415782079214404554e+01 1.034064321191514590e+00
5.829690914412253733e+00 1.249219481659768682e+01 1.016953912309386698e+00
5.829690914412253733e+00 1.415782079214404554e+01 2.379520170306689941e+00
7.495316889958612450e+00 1.249219481659768682e+01 2.391375398571339961e+00
9.160942865504971167e+00 1.249219481659768682e+01 1.226762528222455240e+00
7.495316889958612450e+00 1.415782079214404554e+01 1.083535002802819669e+00
9.160942865504971167e+00 1.415782079214404554e+01 2.514767770933990843e+00
1.082656884105132811e+01 1.249219481659768682e+01 2.559965905177039147e+00
1.082656884105132811e+01 1.415782079214404554e+01 1.002580196364114773e+00
1.249219481659768682e+01 1.249219481659768682e+01 1.072787904272771708e+00
1.415782079214404554e+01 1.249219481659768682e+01 2.479389807785907340e+00
1.249219481659768682e+01 1.415782079214404554e+01 2.412661570486442031e+00
1.415782079214404554e+01 1.415782079214404554e+01 1.152128436889282792e+00
1.582344676769040426e+01 1.249219481659768682e+01 1.027826395446557406e+00
1.582344676769040426e+01 1.415782079214404554e+01 2.445609439659625739e+00
8.328129877731791364e-01 1.582344676769040426e+01 2.441478063051762515e+00
2.498438963319537187e+00 1.582344676769040426e+01 1.209285242725428589e+00
4.164064938865895904e+00 1.582344676769040426e+01 2.383250682413323496e+00
5.829690914412253733e+00 1.582344676769040426e+01 1.117600318978287710e+00
7.495316889958612450e+00 1.582344676769040426e+01 2.378780032286845092e+00
9.160942865504971167e+00 1.582344676769040426e+01 1.023732496551464921e+00
1.082656884105132811e+01 1.582344676769040426e+01 2.516520932528091503e+00
1.249219481659768682e+01 1.582344676769040426e+01 1.206988490005586723e+00
1.415782079214404554e+01 1.582344676769040426e+01 2.354831836897513409e+00
1.582344676769040426e+01 1.582344676769040426e+01 1.169970347809074385e+00
